  29.997 -23.2695  51.5825 -45.2647
    1.00029  -0.0230308 -0.00527235 -0.00349418
  29.997 -15.1948  23.8787  34.2585
    1.00011 -0.00261425  -0.0124868  0.00711182
  29.997  -16.341 -33.4927   66.809
   1.00069 -0.0166785  0.0321032 0.00837974
  29.997  68.4452 -2.91471  118.119
    1.00009 -0.00669553  0.00773215  0.00883482
  29.997 -24.0462  19.4057  52.6647
    1.00012   0.0080883   0.0128798 -0.00238637
 29.997 32.9698 20.4176 107.364
    1.00012  0.00438578 0.000340024  -0.0147939
  29.997  -34.684 -14.6471 -89.3497
   1.00008 -0.0109376  0.0038754 0.00587024
  29.997 -48.3051 -30.2794 -14.7217
   1.00044 -0.0239011 -0.0103049  0.0141281
  29.997  11.0366 -1.63926 -43.6039
    1.00022   0.0040544 -0.00734962   -0.019339
  29.997 -4.06936 -6.50356 -120.885
     1.00011    0.0143203 -0.000794495   0.00432265
  10.097 -23.2695  51.5825 -45.2647
    1.00029  -0.0230308 -0.00527235 -0.00349418
  10.097 -15.1948  23.8787  34.2585
    1.00011 -0.00261425  -0.0124868  0.00711182
  10.097  -16.341 -33.4927   66.809
   1.00069 -0.0166785  0.0321032 0.00837974
  10.097  68.4452 -2.91471  118.119
    1.00009 -0.00669553  0.00773215  0.00883482
  10.097 -24.0462  19.4057  52.6647
    1.00012   0.0080883   0.0128798 -0.00238637
 10.097 32.9698 20.4176 107.364
    1.00012  0.00438578 0.000340024  -0.0147939
  10.097  -34.684 -14.6471 -89.3497
   1.00008 -0.0109376  0.0038754 0.00587024
  10.097 -48.3051 -30.2794 -14.7217
   1.00044 -0.0239011 -0.0103049  0.0141281
  10.097  11.0366 -1.63926 -43.6039
    1.00022   0.0040544 -0.00734962   -0.019339
  10.097 -4.06936 -6.50356 -120.885
     1.00011    0.0143203 -0.000794495   0.00432265
  10.197 -23.2695  51.5825 -45.2647
    1.00029  -0.0230308 -0.00527235 -0.00349418
  10.197 -15.1948  23.8787  34.2585
    1.00011 -0.00261425  -0.0124868  0.00711182
  10.197  -16.341 -33.4927   66.809
   1.00069 -0.0166785  0.0321032 0.00837974
  10.197  68.4452 -2.91471  118.119
    1.00009 -0.00669553  0.00773215  0.00883482
  10.197 -24.0462  19.4057  52.6647
    1.00012   0.0080883   0.0128798 -0.00238637
 10.197 32.9698 20.4176 107.364
    1.00012  0.00438578 0.000340024  -0.0147939
  10.197  -34.684 -14.6471 -89.3497
   1.00008 -0.0109376  0.0038754 0.00587024
  10.197 -48.3051 -30.2794 -14.7217
   1.00044 -0.0239011 -0.0103049  0.0141281
  10.197  11.0366 -1.63926 -43.6039
    1.00022   0.0040544 -0.00734962   -0.019339
  10.197 -4.06936 -6.50356 -120.885
     1.00011    0.0143203 -0.000794495   0.00432265
  10.297 -23.2695  51.5825 -45.2647
    1.00029  -0.0230308 -0.00527235 -0.00349418
  10.297 -15.1948  23.8787  34.2585
    1.00011 -0.00261425  -0.0124868  0.00711182
  10.297  -16.341 -33.4927   66.809
   1.00069 -0.0166785  0.0321032 0.00837974
  10.297  68.4452 -2.91471  118.119
    1.00009 -0.00669553  0.00773215  0.00883482
  10.297 -24.0462  19.4057  52.6647
    1.00012   0.0080883   0.0128798 -0.00238637
 10.297 32.9698 20.4176 107.364
    1.00012  0.00438578 0.000340024  -0.0147939
  10.297  -34.684 -14.6471 -89.3497
   1.00008 -0.0109376  0.0038754 0.00587024
  10.297 -48.3051 -30.2794 -14.7217
   1.00044 -0.0239011 -0.0103049  0.0141281
  10.297  11.0366 -1.63926 -43.6039
    1.00022   0.0040544 -0.00734962   -0.019339
  10.297 -4.06936 -6.50356 -120.885
     1.00011    0.0143203 -0.000794495   0.00432265
